module.exports.walls = [
  [0,1,2,3,4,5,6,7,8,9,10,11,12,13,14,15,16,17,18,19,20,21,22,23,24,25,26,27,28,29,30,31,32,33,34,35,36,37,38,39,40,41,42,43,44,45,46,47,48,49,50,51,52,53,54,55,56,57,58,59,60,61,62,63],
  [0,27,36,63],
  [0,27,36,63],
  [0,16,27,36,47,63],
  [0,16,27,31,32,36,47,63],
  [0,1,2,3,11,12,13,14,15,16,20,31,32,43,47,48,49,50,51,52,60,61,62,63],
  [0,20,43,63],
  [0,20,21,22,41,42,43,63],
  [0,9,28,29,34,35,54,63],
  [0,9,16,28,35,48,54,63],
  [0,9,16,17,18,24,25,31,32,38,39,48,49,50,54,63],
  [0,9,14,15,16,24,25,31,32,38,39,46,47,48,54,63],
  [0,9,16,28,35,48,54,63],
  [0,9,28,29,34,35,54,63],
  [0,20,21,22,41,42,43,63],
  [0,20,43,63],
  [0,1,2,3,11,12,13,14,15,16,20,31,32,43,47,48,49,50,51,52,60,61,62,63],
  [0,16,27,31,32,36,47,63],
  [0,16,27,36,47,63],
  [0,27,36,63],
  [0,27,36,63],
  [0,1,2,3,4,5,6,7,8,9,10,11,12,13,14,15,16,17,18,19,20,21,22,23,24,25,26,27,28,29,30,31,32,33,34,35,36,37,38,39,40,41,42,43,44,45,46,47,48,49,50,51,52,53,54,55,56,57,58,59,60,61,62,63]
]

module.exports.blueBase=[
    [1,2,3,4],
    [1,2,3,4],
    [1,2,3,4],
    [1,2,3,4],
    [1,2,3,4],
    [1,2,3,4],
]

module.exports.redBase=[
    [59,60,61,62],
    [59,60,61,62],
    [59,60,61,62],
    [59,60,61,62],
    [59,60,61,62],
    [59,60,61,62],
]


